1
6 2
2
6 6
4
15 9
17 9
20 9
51 9
53 9
8
3 0
54 54
9
15 15
17 0
20 0
51 0
53 0
10
17 17
20 0
51 0
53 0
11
20 0
51 0
53 0
12
20 20
13
7 7
14
33 0
56 0
88 88
16
7 7
18
7 13
19
20 0
51 48
53 48
21
3 61
7 61
20 61
22 61
65 61
69 61
73 61
75 61
24
26 26
28 28
29 29
31 27
32 27
25
3 0 3
27
31 31
32 32
34
37 37
42 36
43 36
44 36
45 36
35
3 0 3
36
42 42
43 43
44 44
45 45
39
31 31
47
40 0
88 88
48
51 49
53 49
49
51 51
53 53
50
15 9
17 9
20 9
52
3 0
33 0
54 54
55
7 57
17 57
57
7 60
17 59
58
3 3
56 0
59
17 17
60
7 13
61
3 0
7 63
20 12
22 0
65 65
69 69
73 73
75 75
80 0
62
3 3
22 0
63
7 7
64
3 0
22 0
70 70
80 0
66
7 78
28 78
31 78
32 78
54 78
87 78
68
3 0
22 0
80 0 80
74
7 63
76
7 66
28 66
31 66
32 66
54 66
87 66
77
3 0
22 0
23 0
26 0
28 0
38 38
40 0
54 54
56 0
67 0
70 0
71 0
72 0
80 0
88 0
89 0
90 0
91 0
78
7 83
28 83
31 83
32 83
54 83
87 83
79
3 0
22 0
23 23
40 0
56 0
67 0
71 0
72 0
80 0
88 0
91 91
81
56 0
88 88
82
40 0
56 0
88 88
83
7 85
28 85
31 85
32 85
54 85
87 85
84
3 0
22 0
23 0
26 26
28 28
40 0
56 0
67 0
71 0
72 0
80 0
88 0
89 89
91 0
85
7 63
28 28
31 27
32 27
54 54
87 87
86
3 0
22 0
23 0
26 0
28 0
40 0
56 0
67 0
71 0
72 0
80 0
88 0
89 0
90 90
91 0
